V 0.10
Date: 2,7,2019
Height,Pascal,Kalman_Height,mpuPitch,mpuRoll,mpuYaw,OutputX,OutputY
168,2194.35,73004.00,0.000.00,0.00,0.00,0.00,0.00
305,121.91,93956.00,0.000.00,0.00,0.00,0.00,0.00
441,121.64,93959.00,0.000.00,0.00,0.00,0.00,0.00
576,121.73,93958.00,0.000.00,0.00,0.00,0.00,0.00
712,121.64,93959.00,0.000.00,0.00,0.00,0.00,0.00
848,121.55,93960.00,0.000.00,0.00,0.00,0.00,0.00
985,121.91,93956.00,0.000.00,0.00,0.00,0.00,0.00
1120,121.82,93957.00,0.000.00,0.00,0.00,0.00,0.00
1256,121.73,93958.00,0.000.00,0.00,0.00,0.00,0.00
1395,121.55,93960.00,0.000.00,0.00,0.00,0.00,0.00
1530,121.55,93960.00,0.000.00,0.00,0.00,0.00,0.00
1667,121.73,93958.00,0.000.00,0.00,0.00,0.00,0.00
1802,121.73,93958.00,0.000.00,0.00,0.00,0.00,0.00
1937,121.64,93959.00,0.000.00,0.00,0.00,0.00,0.00
2072,121.73,93958.00,0.000.00,0.00,0.00,0.00,0.00
2207,121.73,93958.00,0.000.00,0.00,0.00,0.00,0.00
2342,121.73,93958.00,0.000.00,0.00,0.00,0.00,0.00
2479,121.73,93958.00,0.000.00,0.00,0.00,0.00,0.00
2614,121.46,93961.00,0.000.00,0.00,0.00,0.00,0.00
2752,121.46,93961.00,0.000.00,0.00,0.00,0.00,0.00
2888,121.46,93961.00,0.000.00,0.00,0.00,0.00,0.00
3023,121.46,93961.00,0.000.00,0.00,0.00,0.00,0.00
3159,121.46,93961.00,0.000.00,0.00,0.00,0.00,0.00
3294,121.55,93960.00,0.000.00,0.00,0.00,0.00,0.00
3429,121.73,93958.00,0.000.00,0.00,0.00,0.00,0.00
3565,121.73,93958.00,0.000.00,0.00,0.00,0.00,0.00
3700,121.73,93958.00,0.000.00,0.00,0.00,0.00,0.00
3835,121.64,93959.00,0.000.00,0.00,0.00,0.00,0.00
3971,121.64,93959.00,0.000.00,0.00,0.00,0.00,0.00
4110,121.55,93960.00,0.000.00,0.00,0.00,0.00,0.00
4245,121.55,93960.00,0.000.00,0.00,0.00,0.00,0.00
4380,121.55,93960.00,0.000.00,0.00,0.00,0.00,0.00
4515,121.55,93960.00,0.000.00,0.00,0.00,0.00,0.00
4651,121.55,93960.00,0.000.00,0.00,0.00,0.00,0.00
4787,121.55,93960.00,0.000.00,0.00,0.00,0.00,0.00
4922,121.64,93959.00,0.000.00,0.00,0.00,0.00,0.00
5057,121.64,93959.00,0.000.00,0.00,0.00,0.00,0.00
5192,121.55,93960.00,0.000.00,0.00,0.00,0.00,0.00
5327,121.64,93959.00,0.000.00,0.00,0.00,0.00,0.00
5467,121.55,93960.00,0.000.00,0.00,0.00,0.00,0.00
5602,121.55,93960.00,0.000.00,0.00,0.00,0.00,0.00
5737,121.55,93960.00,0.000.00,0.00,0.00,0.00,0.00
5873,121.55,93960.00,0.000.00,0.00,0.00,0.00,0.00
6008,121.73,93958.00,0.000.00,0.00,0.00,0.00,0.00
6144,121.73,93958.00,0.000.00,0.00,0.00,0.00,0.00
6279,121.73,93958.00,0.000.00,0.00,0.00,0.00,0.00
6414,121.73,93958.00,0.000.00,0.00,0.00,0.00,0.00
6550,121.73,93958.00,0.000.00,0.00,0.00,0.00,0.00
6685,121.73,93958.00,0.000.00,0.00,0.00,0.00,0.00
6823,121.73,93958.00,0.000.00,0.00,0.00,0.00,0.00
6960,121.73,93958.00,0.000.00,0.00,0.00,0.00,0.00
7095,121.73,93958.00,0.000.00,0.00,0.00,0.00,0.00
7230,121.73,93958.00,0.000.00,0.00,0.00,0.00,0.00
7365,121.73,93958.00,0.000.00,0.00,0.00,0.00,0.00
7500,121.73,93958.00,0.000.00,0.00,0.00,0.00,0.00
7636,121.73,93958.00,0.000.00,0.00,0.00,0.00,0.00
7772,121.73,93958.00,0.000.00,0.00,0.00,0.00,0.00
7907,121.73,93958.00,0.000.00,0.00,0.00,0.00,0.00
8042,121.73,93958.00,0.000.00,0.00,0.00,0.00,0.00
8181,121.73,93958.00,0.000.00,0.00,0.00,0.00,0.00
8316,121.64,93959.00,0.000.00,0.00,0.00,0.00,0.00
8452,121.73,93958.00,0.000.00,0.00,0.00,0.00,0.00
8587,121.73,93958.00,0.000.00,0.00,0.00,0.00,0.00
8723,121.73,93958.00,0.000.00,0.00,0.00,0.00,0.00
8858,121.82,93957.00,0.000.00,0.00,0.00,0.00,0.00
8993,121.82,93957.00,0.000.00,0.00,0.00,0.00,0.00
9128,121.82,93957.00,0.000.00,0.00,0.00,0.00,0.00
9264,121.82,93957.00,0.000.00,0.00,0.00,0.00,0.00
9399,121.73,93958.00,0.000.00,0.00,0.00,0.00,0.00
9538,121.73,93958.00,0.000.00,0.00,0.00,0.00,0.00
9673,121.82,93957.00,0.000.00,0.00,0.00,0.00,0.00
9809,121.82,93957.00,0.000.00,0.00,0.00,0.00,0.00
9945,121.73,93958.00,0.000.00,0.00,0.00,0.00,0.00
10080,121.73,93958.00,0.000.00,0.00,0.00,0.00,0.00
10215,121.82,93957.00,0.000.00,0.00,0.00,0.00,0.00
10350,121.82,93957.00,0.000.00,0.00,0.00,0.00,0.00
10486,121.82,93957.00,0.000.00,0.00,0.00,0.00,0.00
10621,121.91,93956.00,0.000.00,0.00,0.00,0.00,0.00
10757,121.91,93956.00,0.000.00,0.00,0.00,0.00,0.00
10896,121.91,93956.00,0.000.00,0.00,0.00,0.00,0.00
11031,121.91,93956.00,0.000.00,0.00,0.00,0.00,0.00
11166,121.91,93956.00,0.000.00,0.00,0.00,0.00,0.00
11302,121.91,93956.00,0.000.00,0.00,0.00,0.00,0.00
11438,121.91,93956.00,0.000.00,0.00,0.00,0.00,0.00
11573,121.82,93957.00,0.000.00,0.00,0.00,0.00,0.00
11709,121.91,93956.00,0.000.00,0.00,0.00,0.00,0.00
11844,121.91,93956.00,0.000.00,0.00,0.00,0.00,0.00
11979,121.91,93956.00,0.000.00,0.00,0.00,0.00,0.00
12114,121.91,93956.00,0.000.00,0.00,0.00,0.00,0.00
12254,121.82,93957.00,0.000.00,0.00,0.00,0.00,0.00
12389,121.82,93957.00,0.000.00,0.00,0.00,0.00,0.00
12525,121.82,93957.00,0.000.00,0.00,0.00,0.00,0.00
12660,121.73,93958.00,0.000.00,0.00,0.00,0.00,0.00
12795,121.73,93958.00,0.000.00,0.00,0.00,0.00,0.00
12931,121.73,93958.00,0.000.00,0.00,0.00,0.00,0.00
13067,121.73,93958.00,0.000.00,0.00,0.00,0.00,0.00
13202,121.82,93957.00,0.000.00,0.00,0.00,0.00,0.00
13337,121.73,93958.00,0.000.00,0.00,0.00,0.00,0.00
13472,121.82,93957.00,0.000.00,0.00,0.00,0.00,0.00
13612,121.82,93957.00,0.000.00,0.00,0.00,0.00,0.00
13748,121.73,93958.00,0.000.00,0.00,0.00,0.00,0.00
13883,121.73,93958.00,0.000.00,0.00,0.00,0.00,0.00
14018,121.73,93958.00,0.000.00,0.00,0.00,0.00,0.00
14153,121.73,93958.00,0.000.00,0.00,0.00,0.00,0.00
14289,121.73,93958.00,0.000.00,0.00,0.00,0.00,0.00
14425,121.64,93959.00,0.000.00,0.00,0.00,0.00,0.00
14560,121.64,93959.00,0.000.00,0.00,0.00,0.00,0.00
14695,121.55,93960.00,0.000.00,0.00,0.00,0.00,0.00
14831,121.64,93959.00,0.000.00,0.00,0.00,0.00,0.00
14969,121.73,93958.00,0.000.00,0.00,0.00,0.00,0.00
15106,121.64,93959.00,0.000.00,0.00,0.00,0.00,0.00
15241,121.64,93959.00,0.000.00,0.00,0.00,0.00,0.00
15376,121.64,93959.00,0.000.00,0.00,0.00,0.00,0.00
15511,121.64,93959.00,0.000.00,0.00,0.00,0.00,0.00
15647,121.55,93960.00,0.000.00,0.00,0.00,0.00,0.00
15782,121.46,93961.00,0.000.00,0.00,0.00,0.00,0.00
15918,121.55,93960.00,0.000.00,0.00,0.00,0.00,0.00
16053,121.64,93959.00,0.000.00,0.00,0.00,0.00,0.00
16192,121.64,93959.00,0.000.00,0.00,0.00,0.00,0.00
16327,121.55,93960.00,0.000.00,0.00,0.00,0.00,0.00
16463,121.55,93960.00,0.000.00,0.00,0.00,0.00,0.00
16599,121.55,93960.00,0.000.00,0.00,0.00,0.00,0.00
16734,121.82,93957.00,0.000.00,0.00,0.00,0.00,0.00
16870,121.82,93957.00,0.000.00,0.00,0.00,0.00,0.00
17005,121.82,93957.00,0.000.00,0.00,0.00,0.00,0.00
17162,121.82,93957.00,0.000.00,0.00,0.00,0.00,0.00
17298,121.82,93957.00,0.000.00,0.00,0.00,0.00,0.00
17433,121.82,93957.00,0.000.00,0.00,0.00,0.00,0.00
17572,121.91,93956.00,0.000.00,0.00,0.00,0.00,0.00
17708,121.73,93958.00,0.000.00,0.00,0.00,0.00,0.00
17843,121.64,93959.00,0.000.00,0.00,0.00,0.00,0.00
17978,121.73,93958.00,0.000.00,0.00,0.00,0.00,0.00
18114,121.73,93958.00,0.000.00,0.00,0.00,0.00,0.00
18249,121.64,93959.00,0.000.00,0.00,0.00,0.00,0.00
18384,121.73,93958.00,0.000.00,0.00,0.00,0.00,0.00
18521,121.64,93959.00,0.000.00,0.00,0.00,0.00,0.00
18656,121.64,93959.00,0.000.00,0.00,0.00,0.00,0.00
18791,121.64,93959.00,0.000.00,0.00,0.00,0.00,0.00
18930,121.64,93959.00,0.000.00,0.00,0.00,0.00,0.00
19065,121.64,93959.00,0.000.00,0.00,0.00,0.00,0.00
19202,121.91,93956.00,0.000.00,0.00,0.00,0.00,0.00
19337,121.73,93958.00,0.000.00,0.00,0.00,0.00,0.00
19472,121.64,93959.00,0.000.00,0.00,0.00,0.00,0.00
19607,121.73,93958.00,0.000.00,0.00,0.00,0.00,0.00
19743,121.64,93959.00,0.000.00,0.00,0.00,0.00,0.00
19878,121.73,93958.00,0.000.00,0.00,0.00,0.00,0.00
20014,121.73,93958.00,0.000.00,0.00,0.00,0.00,0.00
20150,121.82,93957.00,0.000.00,0.00,0.00,0.00,0.00
20288,121.82,93957.00,0.000.00,0.00,0.00,0.00,0.00
20424,121.82,93957.00,0.000.00,0.00,0.00,0.00,0.00
20559,121.82,93957.00,0.000.00,0.00,0.00,0.00,0.00
20695,121.82,93957.00,0.000.00,0.00,0.00,0.00,0.00
20831,121.82,93957.00,0.000.00,0.00,0.00,0.00,0.00
20966,121.82,93957.00,0.000.00,0.00,0.00,0.00,0.00
21101,121.82,93957.00,0.000.00,0.00,0.00,0.00,0.00
21236,121.82,93957.00,0.000.00,0.00,0.00,0.00,0.00
21372,121.73,93958.00,0.000.00,0.00,0.00,0.00,0.00
21508,121.73,93958.00,0.000.00,0.00,0.00,0.00,0.00
21647,121.73,93958.00,0.000.00,0.00,0.00,0.00,0.00
21782,121.64,93959.00,0.000.00,0.00,0.00,0.00,0.00
21917,121.73,93958.00,0.000.00,0.00,0.00,0.00,0.00
22053,121.73,93958.00,0.000.00,0.00,0.00,0.00,0.00
22189,121.73,93958.00,0.000.00,0.00,0.00,0.00,0.00
22324,121.73,93958.00,0.000.00,0.00,0.00,0.00,0.00
22460,121.64,93959.00,0.000.00,0.00,0.00,0.00,0.00
22595,121.64,93959.00,0.000.00,0.00,0.00,0.00,0.00
22730,121.64,93959.00,0.000.00,0.00,0.00,0.00,0.00
22865,121.64,93959.00,0.000.00,0.00,0.00,0.00,0.00
23005,121.64,93959.00,0.000.00,0.00,0.00,0.00,0.00
23141,121.64,93959.00,0.000.00,0.00,0.00,0.00,0.00
23276,121.64,93959.00,0.000.00,0.00,0.00,0.00,0.00
23411,121.55,93960.00,0.000.00,0.00,0.00,0.00,0.00
23546,121.55,93960.00,0.000.00,0.00,0.00,0.00,0.00
23683,121.55,93960.00,0.000.00,0.00,0.00,0.00,0.00
23818,121.73,93958.00,0.000.00,0.00,0.00,0.00,0.00
23953,121.73,93958.00,0.000.00,0.00,0.00,0.00,0.00
24089,121.73,93958.00,0.000.00,0.00,0.00,0.00,0.00
24227,121.64,93959.00,0.000.00,0.00,0.00,0.00,0.00
24364,121.73,93958.00,0.000.00,0.00,0.00,0.00,0.00
24499,121.64,93959.00,0.000.00,0.00,0.00,0.00,0.00
24634,121.64,93959.00,0.000.00,0.00,0.00,0.00,0.00
24769,121.73,93958.00,0.000.00,0.00,0.00,0.00,0.00
24905,121.73,93958.00,0.000.00,0.00,0.00,0.00,0.00
25040,121.55,93960.00,0.000.00,0.00,0.00,0.00,0.00
25176,121.55,93960.00,0.000.00,0.00,0.00,0.00,0.00
25312,121.55,93960.00,0.000.00,0.00,0.00,0.00,0.00
25447,121.55,93960.00,0.000.00,0.00,0.00,0.00,0.00
25586,121.55,93960.00,0.000.00,0.00,0.00,0.00,0.00
25721,121.55,93960.00,0.000.00,0.00,0.00,0.00,0.00
25857,121.55,93960.00,0.000.00,0.00,0.00,0.00,0.00
25993,121.55,93960.00,0.000.00,0.00,0.00,0.00,0.00
26128,121.55,93960.00,0.000.00,0.00,0.00,0.00,0.00
26263,121.73,93958.00,0.000.00,0.00,0.00,0.00,0.00
26398,121.64,93959.00,0.000.00,0.00,0.00,0.00,0.00
26534,121.55,93960.00,0.000.00,0.00,0.00,0.00,0.00
26670,121.55,93960.00,0.000.00,0.00,0.00,0.00,0.00
26805,121.64,93959.00,0.000.00,0.00,0.00,0.00,0.00
26944,121.55,93960.00,0.000.00,0.00,0.00,0.00,0.00
27079,121.55,93960.00,0.000.00,0.00,0.00,0.00,0.00
27215,121.55,93960.00,0.000.00,0.00,0.00,0.00,0.00
27351,121.55,93960.00,0.000.00,0.00,0.00,0.00,0.00
27486,121.55,93960.00,0.000.00,0.00,0.00,0.00,0.00
27621,121.55,93960.00,0.000.00,0.00,0.00,0.00,0.00
27757,121.55,93960.00,0.000.00,0.00,0.00,0.00,0.00
27892,121.55,93960.00,0.000.00,0.00,0.00,0.00,0.00
28027,121.55,93960.00,0.000.00,0.00,0.00,0.00,0.00
28164,121.55,93960.00,0.000.00,0.00,0.00,0.00,0.00
28302,121.55,93960.00,0.000.00,0.00,0.00,0.00,0.00
28438,121.55,93960.00,0.000.00,0.00,0.00,0.00,0.00
28573,121.55,93960.00,0.000.00,0.00,0.00,0.00,0.00
28708,121.55,93960.00,0.000.00,0.00,0.00,0.00,0.00
28845,121.46,93961.00,0.000.00,0.00,0.00,0.00,0.00
28980,121.55,93960.00,0.000.00,0.00,0.00,0.00,0.00
29115,121.46,93961.00,0.000.00,0.00,0.00,0.00,0.00
29250,121.46,93961.00,0.000.00,0.00,0.00,0.00,0.00
29386,121.46,93961.00,0.000.00,0.00,0.00,0.00,0.00
29521,121.46,93961.00,0.000.00,0.00,0.00,0.00,0.00
29661,121.46,93961.00,0.000.00,0.00,0.00,0.00,0.00
29796,121.46,93961.00,0.000.00,0.00,0.00,0.00,0.00
29931,121.46,93961.00,0.000.00,0.00,0.00,0.00,0.00
30067,121.46,93961.00,0.000.00,0.00,0.00,0.00,0.00
30202,121.46,93961.00,0.000.00,0.00,0.00,0.00,0.00
30338,121.55,93960.00,0.000.00,0.00,0.00,0.00,0.00
30473,121.46,93961.00,0.000.00,0.00,0.00,0.00,0.00
30609,121.46,93961.00,0.000.00,0.00,0.00,0.00,0.00
30744,121.46,93961.00,0.000.00,0.00,0.00,0.00,0.00
30879,121.46,93961.00,0.000.00,0.00,0.00,0.00,0.00
31019,121.55,93960.00,0.000.00,0.00,0.00,0.00,0.00
31154,121.46,93961.00,0.000.00,0.00,0.00,0.00,0.00
31290,121.73,93958.00,0.000.00,0.00,0.00,0.00,0.00
31425,121.46,93961.00,0.000.00,0.00,0.00,0.00,0.00
31560,121.46,93961.00,0.000.00,0.00,0.00,0.00,0.00
31695,121.46,93961.00,0.000.00,0.00,0.00,0.00,0.00
31832,121.46,93961.00,0.000.00,0.00,0.00,0.00,0.00
31967,121.46,93961.00,0.000.00,0.00,0.00,0.00,0.00
32102,121.46,93961.00,0.000.00,0.00,0.00,0.00,0.00
32238,121.46,93961.00,0.000.00,0.00,0.00,0.00,0.00
32376,121.55,93960.00,0.000.00,0.00,0.00,0.00,0.00
32513,121.46,93961.00,0.000.00,0.00,0.00,0.00,0.00
32648,121.46,93961.00,0.000.00,0.00,0.00,0.00,0.00
32783,121.37,93962.00,0.000.00,0.00,0.00,0.00,0.00
32919,121.46,93961.00,0.000.00,0.00,0.00,0.00,0.00
33054,121.73,93958.00,0.000.00,0.00,0.00,0.00,0.00
33189,121.46,93961.00,0.000.00,0.00,0.00,0.00,0.00
33325,121.55,93960.00,0.000.00,0.00,0.00,0.00,0.00
33461,121.55,93960.00,0.000.00,0.00,0.00,0.00,0.00
33599,121.55,93960.00,0.000.00,0.00,0.00,0.00,0.00
33735,121.55,93960.00,0.000.00,0.00,0.00,0.00,0.00
33870,121.46,93961.00,0.000.00,0.00,0.00,0.00,0.00
34006,121.37,93962.00,0.000.00,0.00,0.00,0.00,0.00
34142,121.37,93962.00,0.000.00,0.00,0.00,0.00,0.00
34277,121.37,93962.00,0.000.00,0.00,0.00,0.00,0.00
34412,121.37,93962.00,0.000.00,0.00,0.00,0.00,0.00
34547,121.37,93962.00,0.000.00,0.00,0.00,0.00,0.00
34683,121.37,93962.00,0.000.00,0.00,0.00,0.00,0.00
34819,121.28,93963.00,0.000.00,0.00,0.00,0.00,0.00
34958,121.37,93962.00,0.000.00,0.00,0.00,0.00,0.00
35093,121.37,93962.00,0.000.00,0.00,0.00,0.00,0.00
35228,121.37,93962.00,0.000.00,0.00,0.00,0.00,0.00
35364,121.28,93963.00,0.000.00,0.00,0.00,0.00,0.00
35500,121.28,93963.00,0.000.00,0.00,0.00,0.00,0.00
35635,121.37,93962.00,0.000.00,0.00,0.00,0.00,0.00
35770,121.28,93963.00,0.000.00,0.00,0.00,0.00,0.00
35906,121.28,93963.00,0.000.00,0.00,0.00,0.00,0.00
36041,121.19,93964.00,0.000.00,0.00,0.00,0.00,0.00
36176,121.19,93964.00,0.000.00,0.00,0.00,0.00,0.00
36316,121.46,93961.00,0.000.00,0.00,0.00,0.00,0.00
36451,121.55,93960.00,0.000.00,0.00,0.00,0.00,0.00
36587,121.46,93961.00,0.000.00,0.00,0.00,0.00,0.00
36722,121.46,93961.00,0.000.00,0.00,0.00,0.00,0.00
36857,121.46,93961.00,0.000.00,0.00,0.00,0.00,0.00
36994,121.37,93962.00,0.000.00,0.00,0.00,0.00,0.00
37129,121.37,93962.00,0.000.00,0.00,0.00,0.00,0.00
37264,121.46,93961.00,0.000.00,0.00,0.00,0.00,0.00
37399,121.19,93964.00,0.000.00,0.00,0.00,0.00,0.00
37535,121.46,93961.00,0.000.00,0.00,0.00,0.00,0.00
37673,121.28,93963.00,0.000.00,0.00,0.00,0.00,0.00
37810,121.19,93964.00,0.000.00,0.00,0.00,0.00,0.00
37945,121.19,93964.00,0.000.00,0.00,0.00,0.00,0.00
38080,121.19,93964.00,0.000.00,0.00,0.00,0.00,0.00
38216,121.19,93964.00,0.000.00,0.00,0.00,0.00,0.00
38351,121.19,93964.00,0.000.00,0.00,0.00,0.00,0.00
38487,121.19,93964.00,0.000.00,0.00,0.00,0.00,0.00
38622,121.19,93964.00,0.000.00,0.00,0.00,0.00,0.00
38758,121.28,93963.00,0.000.00,0.00,0.00,0.00,0.00
38893,121.28,93963.00,0.000.00,0.00,0.00,0.00,0.00
39032,121.28,93963.00,0.000.00,0.00,0.00,0.00,0.00
